Question2:
LR:0.4638345
LDA:0.357549
QDA:0.3614972
SVM:0.2657928